2122219134
2122219134
2122219134
2122219134
2122219134
2122219134
2122219134
2122219134
2122219134
2122219134
2122219134
2122219134
2122219134
2122219134
2122219134
2122219134
2122219134
2122219134
2122219134
2122219134
2021490302
2004318071
2004318071
2004318071
2004317814
2021095287
2021161080
2122218872
2122219134
2122219134
2122219134
2122219134
2122219134
2122219134
2122219134
2122219134
1752071550
1768450409
1768516202
1785358697
1785292905
1802201706
1802201963
2122149223
2122219134
2122219134
2122219134
2122219134
2122219134
2122219134
2122219134
2122219134
1600810621
926431032
926365751
926365239
926299702
943142712
959919671
2104453469
2122219134
2122219134
2122219134
2122219134
2122219134
2122219134
2122219134
2105441918
4133381998
3334915525
3351758791
3318073030
3334849989
3351758534
3334915782
1852464370
2122219133
2122219134
2122219134
2122219134
2122219134
2122219134
2122219134
1853718142
3304610919
3267543490
3284386755
3267543747
3267543746
3284386755
3267609539
1750856899
2122218862
2122219134
2122219134
2122219134
2122219134
2122219134
2122219134
1752137086
3267623007
3267543746
3284386755
3267544003
3284386754
3284386755
3267544003
1559610562
2122149479
2122219134
2122219134
2122219134
2122219134
2122219134
2122219134
1634103421
3267544316
3267543746
3284386755
3267544003
3284386754
3284386755
3267544003
4123312834
2104387166
2122219134
2122219134
2122219134
2122219134
2122219134
2122219134
4250953585
3267543749
3267609282
3284386755
3284386755
3284386755
3284386755
3267544003
3284255426
1869045754
2122219134
2122219134
2122219134
2122219134
2122219134
1904115326
3288359527
3267609539
3284386498
3284452291
3284386755
3301163971
3284386499
3267544003
3267543746
1751252420
2122219121
2122219134
2122219134
2122219134
2122219134
1752333950
3267690594
3284386755
3284386755
3301229507
3284386755
3284386755
3284320963
3267544003
3267609538
1677640898
2122215783
2122219134
2122219134
2122219134
2122219134
1684501118
3284321538
3284386755
3284386755
3301229507
3284386756
3284386755
3284386499
3267609539
3284386754
46514882
2121361252
2122219134
2122219134
2122219134
2122219134
124086131
3284320709
3284320963
3284386755
3301295299
3284452548
3284386755
3284386755
3267609539
3284386754
3334652610
1919378436
2122219134
2122219134
2122219134
1920892542
3305596262
3284320705
3284386755
3284387011
3301229507
3284452548
3284386755
3284386755
3267609539
3267609539
3250766530
1734804933
2122219123
2122219134
2122219134
1685290622
3250980966
3284320961
3284386755
3284386755
3301163971
3284387012
3284386755
3284386755
3284386754
3250766787
3250700737
1728694210
2122216039
2122219134
2122219134
1717924990
3250701838
3284386497
3267609539
3284386755
3284386755
3284387012
3284386755
3267543746
3284386498
3267609539
3250766530
180863938
2121492071
2122219134
2122219134
241591669
3250700999
3284386498
3267544003
3284386755
3284386755
3284386755
3284386499
3284320962
3267609282
3267609282
3267543746
3351429825
1935960078
2122219134
1971224190
3339741285
3267543746
3284386498
3267544003
3284386755
3284386755
3284386755
3284320963
3267543747
3267543746
3284386498
3267609538
3284320962
1701318856
2122219124
1685421694
3251115625
3267543746
3284320962
3267544003
3284386755
3284386755
3284386755
3284320963
3267609539
3267543746
3284386498
3267609539
3284386498
1745930691
2122216549
1717795198
3250702358
3267543746
3284320705
3267544003
3284320962
3284386755
3284386755
3284320963
3267543746
3267543746
3267543747
3267543746
3267543746
348635842
2121753703
946238846
3250700746
3267478210
3267610310
3267543746
3284386498
3284386498
3267609539
3267477954
3284584389
3267543746
3267544003
3267543746
3267543746
3368206786
2121361447
778532222
3267543748
721210561
4213849919
3653419725
16842752
16777216
3269918977
367051713
490357560
3267479016
16239043
65792
3285446142
3267543489
2121360660
795375230
3267543748
2071149272
1937472379
63099958
2004383605
2021095287
3257628536
2036335299
2071690107
3267760231
2002376131
2021161079
72642935
3267543494
2121295123
812217982
3351495621
2071755053
2088531830
80094585
2088467320
2071755643
3240786555
2071684326
2088400762
3270995068
2086524354
2071690364
1820097660
3267543802
2121229075
828995198
3821257669
1266383975
2102657790
4158349949
1834111311
1484094588
3272691795
1920694825
1830681640
3393289340
2086589890
841964924
2088532050
3267480904
2121229076
828995198
79872965
4050746488
1979564480
3354817917
1053871565
3781131388
3502755280
1014725463
768000972
3764878460
2086589890
3335009147
2088583381
3267551850
2121229331
812152446
449036996
3764943739
1726071233
3238030708
985973442
3579673981
3871457987
259619949
4274110914
4168449400
2086655682
3284480635
2105082562
3267490933
2121229332
812152446
398639812
4201872250
4090151362
3251628788
985973185
3579673981
4207002307
4235623542
3972121026
242908530
2086655683
3267637883
2104882370
3250716280
2121229331
828929662
4274176708
1350335606
3250701027
3267478210
985973442
3579673725
163758787
4017257850
3787571650
511409515
2086524356
3267637883
2105015746
3250714998
2121229331
812152446
3686974148
2071755872
3268150876
3267543746
985973442
3562896509
348308163
3916397948
3686908609
696024423
2086524612
3267571579
2105223109
3267487855
2121229588
812217982
3317941188
2088531222
3963647100
3267543749
969196226
3562896509
465748675
3899555196
3653419714
779910501
2086524613
4025303419
2088528922
3267481941
2121229331
828995198
3267609541
2087788748
1719368828
3267545616
969196226
3579673725
482525891
3899555196
3670196931
779910501
2086524613
1903196028
2004646776
3267478035
2121163538
812086654
3267609541
1493486018
2088533113
3267695474
969196226
3596516733
465683140
3933175164
3686974403
779910502
2086655940
2071690108
896695162
3267543760
2121229333
812021118
3267609541
3703816641
2088529448
3269813884
985973442
3579673981
415351491
3950017916
3703751619
763133287
2103367364
1196058748
3455855682
3267543746
2121229332
828864126
3250766789
3267543489
2103574216
3256056188
985973442
3545988477
314688451
3966860668
3737305795
628915561
2103367364
3402446715
3267544264
3267543746
2121229074
828929662
3552887749
3285572826
1963115713
3308223356
985973442
3512368509
113361602
4134894970
3854746306
394034542
2103367363
3267638395
3267543746
3267543746
2121163538
845772414
986366917
3342165347
1641529793
3342564476
969196226
3512434045
4139958978
58293621
4072784578
58293620
2086655683
3267703931
3267543746
3267543746
2121229588
862549630
1154007749
3410655866
1641464000
3308223613
985973442
3546054013
3821191874
494632298
214024899
3966860667
2086655683
3267703931
3267543746
3267543746
2121295381
845706878
801424070
3882253434
1962656449
3255925373
1002816194
3562896765
3485713090
1333558610
1154532052
3596385404
2086655938
3267638139
3267543746
3284386754
2121229335
828929662
96649925
1450933366
2103451931
3269880189
986038978
3529211261
3301163714
2038266653
1984045128
3308092284
2086589890
3267638139
3267543746
3284386754
2121229079
828929662
3586311108
2088598607
2105309818
3267765881
969261762
3495525501
3267609282
2105367774
2071690108
3269878395
2086458562
3267637626
3267543746
3267609282
2121294869
812152446
3284386756
2071284714
1803189371
3267547690
918930114
3495261815
3284386498
2018899652
1971027068
3267688789
1985533122
3267570805
3267543746
3267543746
2121294869
845706878
3267543748
486199747
3926992939
3284320968
3938763714
3337879295
3284386497
64472259
2108452
3267544022
4277323715
3267553022
3267543746
3250700738
2121229074
1030256254
3267477962
3267477953
3267543746
3284320962
3284386755
3267544002
3284386754
3284386755
3267544003
3267543746
3284320962
3267544003
3267543746
3284255170
2121228832
1734506878
3250702102
3250700737
3267477953
3267543746
3267609539
3267543746
3284386755
3284386755
3267544003
3267543746
3267543746
3284321218
3267543746
113557954
2121621345
1635024510
3251049576
3250700737
3267477953
3284386498
3284386755
3284386498
3284386755
3284386755
3267544003
3284320963
3267543747
3284386754
3267544003
1661256897
2122215520
1954446974
3323160415
3250700737
3267477954
3284386754
3284386755
3284386755
3284386755
3284386755
3284386755
3284386755
3267544003
3284386754
3267544003
1650655427
2122219120
2122219134
241590387
3267477958
3267543746
3284386754
3284386755
3284386755
3284387011
3284386755
3284386755
3284386755
3267609539
3267609538
3301098178
1851810046
2122219134
2122219134
1717662334
3267479053
3267543746
3284386755
3284386755
3284387011
3284386499
3284386756
3284386755
3284320963
3267544003
3267609538
4257464770
2104254559
2122219134
2122219134
1651736190
3267759208
3284386754
3284386755
3284386498
3284387011
3284386755
3284387011
3284386756
3284386755
3284321219
3250766531
1643889601
2122148959
2122219134
2122219134
1937669758
3322504803
3284386754
3284386755
3284386498
3284387011
3284386755
3301163971
3284387012
3284386755
3284386755
3250700995
1633679555
2122218858
2122219134
2122219134
2122219134
157705074
3284320965
3284386755
3284386499
3284452291
3284386755
3301163971
3284387012
3267609539
3284386755
3284255426
1801608441
2122219133
2122219134
2122219134
2122219134
1717858686
3267478531
3284386755
3284386755
3301229763
3284386755
3284386755
3284387012
3284386755
3284386755
4123247298
2104123998
2122219134
2122219134
2122219134
2122219134
1651539582
3250913121
3284386754
3284386755
3284386755
3284386755
3284386755
3284452548
3284386755
3284386755
1542702018
2122148451
2122219134
2122219134
2122219134
2122219134
1853783678
3305005410
3284320705
3284386755
3284386755
3284386755
3284386755
3284452547
3284386755
3284386499
1666904771
2122218857
2122219134
2122219134
2122219134
2122219134
2122219134
4234306671
3284320707
3284386755
3284386755
3284386755
3284386755
3284452547
3284386755
3284386755
1768118253
2122219133
2122219134
2122219134
2122219134
2122219134
2122219134
1583509118
3267478777
3284386755
3284386755
3284386755
3284386755
3284386755
3284386755
3955475395
2103993173
2122219134
2122219134
2122219134
2122219134
2122219134
2122219134
1651342718
3267689054
3284386754
3284386755
3284386755
3284386755
3284386755
3267544003
1424671426
2122082404
2122219134
2122219134
2122219134
2122219134
2122219134
2122219134
1836940926
3287768676
3267543746
3284386498
3267543747
3267543746
3284386755
3267478211
1716709826
2122218599
2122219134
2122219134
2122219134
2122219134
2122219134
2122219134
2105441918
4082852203
3351758790
3351758792
3368536263
3351758791
3385444809
3334916040
1717851113
2122219132
2122219134
2122219134
2122219134
2122219134
2122219134
2122219134
2122219134
1600219773
1044266558
1061043774
1061109567
1061044031
1077952575
1044266559
2087085402
2122219134
2122219134
2122219134
2122219134
2122219134
2122219134
2122219134
2122219134
1567128958
1583374432
1616862813
1600151905
1600217439
1633771358
1633771873
2122081372
2122219134
2122219134
2122219134
2122219134
2122219134
2122219134
2122219134
2122219134
1954381438
1920168819
1936945778
1936946035
1936946035
1953723250
1953789044
2122218612
2122219134
2122219134
2122219134
2122219134
2122219134
2122219134
2122219134
2122219134
2122219134
2122219134
2122219134
2122219134
2122219134
2122219134
2122219134
2122219134
2122219134
2122219134
2122219134
2122219134
